010011111011000101110000 001001010101001011110011
000101100011011110100011 111100101000110001111111
011110011100001100001101 111111101010110111100110
001100001001111110111110 010111001011101000000101
101110111101111000000111 100101011010100010010001
010010100010101111111000 101000000011011101111001
110010011100010011001010 011001100101010010100101
111010000111000001110011 000101100111000011010110
101100001001111110010001 001100001100000001011000
110111110001001000110001 000010110010000001011001
001001110001101010111011 011011000101110101111001
111111100101111011110001 000101110110110010010110
001101101110100100011010 010000111010011011010010
100011111001011000000010 100010110000001010111100
001011100101110001100100 001111010000000000010000
110001001111101000001000 001000101111101011000111
111010110001011101110011 111011100001010001100101
000001010111100001001000 001110000101001100100101
111101000010000110001101 101011111111100011010000
000110110000111010100100 101010100000110011111000
001100001010000000111110 001110001110011110010110
011101010011110111100111 010011111000100111000100
011010100010110011001100 000010001001100001110001
010111011010000000111010 001100110100001000101001
000110010011111111100111 100101100110011101100111
110010011001111010000010 101010100101011000011010
010110100000111001110100 010011110001111100111100
110001010101100011011100 011001101011011001010101
001010010011100011101111 010111001001010100111001
100000000110100100100100 010011111100100000001011
000000001111111101100110 100011111100101100001111
011010011100100000111100 100001100010111101011010
100010010011110011010111 001001011010111010000100
001011101010100010111010 111011101100110001111110
011111101101110011100010 011000010100011011111111
001000010001010010110000 010001001000101111000100
101010000111100011101111 100001100101110110010010
100011000100111111110000 110101001010111010100010
101010110010010011101110 101101001001111010110000
110010101010001100000100 001000010011001000101010
101001110000101101110111 101100011001110011000111
010111101000101101100011 101000101111101001111101
011110010100111101010011 010110110001001000101111
001101010100001001100110 010010111111111111101101
111011100010000011100010 101000010011000101011011
111101010111011101010001 010001100011000110110001
000011100000110011011000 110000001100000011011000
111101101001001101100011 011110000001101000111001
101101011110111100011110 000010001111011010100101
011000000100111011101000 101110101000011100101100
111100001010000010100011 110011101100100100111110
101000011011010000100011 111101100110010100011010
000010011000100001111101 110000100110100101101100
111010100010111110110010 100111100100111010101100
101101000101011101001111 111100111100100111000101
111010101011011000010001 100000001101101101100010
111010111000000000101100 000011010111010001110100
111010000101111111000000 111111001001011000110010
101011101110010100000110 011001110011001101101111
111101100111110011001101 010101100000110000010001
001001101111100011101010 110000111110011011010010
001010010111000010010001 111010100001001101001010
011110101011111001001001 111110000111010001101000
101000111001001010100001 001101010000111010100001
000001010011000000110001 111110111011011011000111
010100101000000010001101 110011010101111000110001
100110000101100000100101 100010011111001011100110
011000010101011000111011 001111110111101011110111
111010100001100001010100 011000110001111100011001
100111110111010011001101 001100011111100000001011
010010000011100000100110 001011100100111000010011
010101010110100000011100 001110101000011000101110
100001100011010001111010 011110011111011101010011
000011100000111010110101 011001110110100011100100
011000101110011101110111 011011100001111101110001
011110111001001100100001 011100111011101001011101
101110110010110101011000 100111111001010111001101
100110011001001111110101 101111011100101100010110
011011100001010010001101 101000101100001110100000
001001000101111010000110 101100010100110001100001
110111110000111110010001 010000101010001010000000
011101110101100101010100 111000110101110000111000
111001001001011010110111 100010111010000100000100
000101000001000100110110 101010001101101101010010
011110110010000100110110 110001100111001100111110
011001111000000111111000 001100000010100111111101
101100011011111111000010 010111011010101000111111
001010000100100111011101 001010110101001101100100
100111100110111000000100 111011000111001101000000
110110011011111110110011 010101010010110000010010
101001010111001100100111 101110001011110110011110
110000000001001010001110 100101011101110001001111
000010101010010011110111 010001010110010001101011
010111100001101011011010 000100000010111000000101
100110111001100100010000 000110011000111110010100
111100111001010101101110 110010111101101000100011
010111011110101110001011 100101110000010000010010
001100111001010011110110 100010110000111001000000
001110011001100101111100 100111001111100001001011
000101101010001101101001 101100100100011111100000
