0
192
576
960
1536
1664
1856
1664
1472
1024
512
-128
-768
-1280
-1728
-1984
-2112
-1920
-1728
-1280
-768
-192
512
1024
1536
1728
1984
1728
1472
1024
512
-128
-768
-1280
-1728
-1984
-2112
-1920
-1728
-1280
-768
-192
512
1024
1536
1728
1984
1728
1472
1024
512
-128
-768
-1280
-1728
-1984
-2112
-1920
-1728
-1280
-768
-192
512
1024
1536
1728
1984
1728
1472
1024
512
-128
-768
-1280
-1728
-1984
-2112
-1920
-1728
-1280
-768
-192
512
1024
1536
1728
1984
1728
1472
1024
512
-128
-768
-1280
-1728
-1984
-2112
-1984
-1856
-1344
-768
-192
512
1024
1536
1664
1920
1728
1472
1024
512
-128
-768
-1280
-1728
-1984
-2112
-1984
-1792
-1280
-768
-192
448
960
1472
1728
1984
1728
1536
1088
512
-128
-768
-1280
-1728
-1984
-2112
-1984
-1856
-1344
-768
-192
512
1024
1536
1728
1984
1728
1472
1024
512
-128
-768
-1280
-1728
-1984
-2112
-1984
-1792
-1280
-768
-192
448
960
1472
1728
1984
1728
1536
1088
512
-128
-768
-1280
-1728
-1984
-2112
-1984
-1856
-1344
-768
-192
512
1024
1536
1664
1920
1728
1536
1088
512
-128
-768
-1280
-1728
-1984
-2112
-1984
-1856
-1344
-768
