0
192
512
1024
1536
1856
2048
1856
1600
1088
512
-64
-704
-1280
-1728
-2048
-2112
-1984
-1664
-1280
-704
-64
576
1152
1600
1856
2048
1856
1600
1088
512
-64
-704
-1280
-1728
-2048
-2112
-1984
-1664
-1280
-704
-64
576
1152
1600
1856
2048
1856
1600
1088
512
-64
-704
-1280
-1728
-2048
-2112
-1984
-1664
-1280
-704
-64
576
1152
1600
1856
2048
1856
1600
1088
512
-64
-704
-1280
-1728
-2048
-2112
-1984
-1664
-1280
-704
-64
576
1152
1600
1856
2048
1856
1600
1088
512
-64
-704
-1216
-1728
-1984
-2112
-1984
-1728
-1280
-704
-128
512
1088
1600
1856
1920
1792
1536
1088
512
-64
-704
-1280
-1728
-2048
-2112
-1984
-1728
-1280
-704
-128
512
1088
1536
1856
2048
1856
1664
1152
576
-64
-704
-1216
-1728
-1984
-2112
-1984
-1728
-1280
-704
-128
512
1088
1600
1856
2048
1856
1600
1088
512
-64
-704
-1280
-1728
-2048
-2112
-1984
-1728
-1280
-704
-64
512
1088
1536
1856
2048
1856
1664
1152
576
-64
-704
-1280
-1728
-1984
-2112
-1984
-1664
-1280
-704
-64
576
1152
1600
1856
1920
1792
1600
1152
576
-64
-704
-1280
-1728
-1984
-2112
-1984
-1728
-1280
-704
